0.000000	0.000000	0.998264
0.500000	0.000513	0.997873
0.333333	0.000513	0.997864
0.500000	0.001026	0.997811
0.600000	0.001538	0.997553
0.500000	0.001538	0.997422
0.571429	0.002051	0.997309
0.625000	0.002564	0.997224
0.555556	0.002564	0.997184
0.600000	0.003077	0.997007
0.545455	0.003077	0.996909
0.500000	0.003077	0.996907
0.538462	0.003590	0.996754
0.571429	0.004103	0.996495
0.600000	0.004615	0.996308
0.562500	0.004615	0.995640
0.588235	0.005128	0.995610
0.611111	0.005641	0.995543
0.631579	0.006154	0.995504
0.650000	0.006667	0.995432
0.666667	0.007179	0.995079
0.681818	0.007692	0.995020
0.695652	0.008205	0.994965
0.708333	0.008718	0.994935
0.720000	0.009231	0.994798
0.692308	0.009231	0.994781
0.703704	0.009744	0.994694
0.714286	0.010256	0.994478
0.724138	0.010769	0.993931
0.700000	0.010769	0.993632
0.709677	0.011282	0.993627
0.718750	0.011795	0.993464
0.696970	0.011795	0.993459
0.705882	0.012308	0.993033
0.714286	0.012821	0.992931
0.694444	0.012821	0.992919
0.702703	0.013333	0.992916
0.710526	0.013846	0.992735
0.717949	0.014359	0.992675
0.725000	0.014872	0.992484
0.707317	0.014872	0.992430
0.714286	0.015385	0.992290
0.720930	0.015897	0.992134
0.727273	0.016410	0.991870
0.711111	0.016410	0.991714
0.717391	0.016923	0.991582
0.723404	0.017436	0.991501
0.729167	0.017949	0.991415
0.734694	0.018462	0.991364
0.740000	0.018974	0.991356
0.745098	0.019487	0.991328
0.730769	0.019487	0.991320
0.735849	0.020000	0.991243
0.722222	0.020000	0.991205
0.709091	0.020000	0.991116
0.714286	0.020513	0.991115
0.719298	0.021026	0.990997
0.724138	0.021538	0.990817
0.711864	0.021538	0.990681
0.716667	0.022051	0.990465
0.721311	0.022564	0.990176
0.725806	0.023077	0.990155
0.730159	0.023590	0.990034
0.734375	0.024103	0.989829
0.723077	0.024103	0.989670
0.727273	0.024615	0.989597
0.731343	0.025128	0.989498
0.735294	0.025641	0.989363
0.724638	0.025641	0.989321
0.728571	0.026154	0.989237
0.718310	0.026154	0.989235
0.708333	0.026154	0.989150
0.712329	0.026667	0.988882
0.702703	0.026667	0.988838
0.706667	0.027179	0.988832
0.710526	0.027692	0.988819
0.701299	0.027692	0.988736
0.705128	0.028205	0.988670
0.708861	0.028718	0.988648
0.712500	0.029231	0.988560
0.703704	0.029231	0.988497
0.707317	0.029744	0.988024
0.710843	0.030256	0.987966
0.714286	0.030769	0.987839
0.717647	0.031282	0.987551
0.720930	0.031795	0.987444
0.724138	0.032308	0.987231
0.727273	0.032821	0.987180
0.730337	0.033333	0.986994
0.722222	0.033333	0.986737
0.725275	0.033846	0.986641
0.728261	0.034359	0.986380
0.731183	0.034872	0.986346
0.734043	0.035385	0.986265
0.736842	0.035897	0.986220
0.729167	0.035897	0.986103
0.721649	0.035897	0.986000
0.724490	0.036410	0.985833
0.717172	0.036410	0.985826
0.720000	0.036923	0.985641
0.712871	0.036923	0.985618
0.715686	0.037436	0.985486
0.708738	0.037436	0.985429
0.711538	0.037949	0.985356
0.714286	0.038462	0.985342
0.716981	0.038974	0.985189
0.719626	0.039487	0.985027
0.722222	0.040000	0.984752
0.715596	0.040000	0.984601
0.718182	0.040513	0.984445
0.720721	0.041026	0.984394
0.723214	0.041538	0.983948
0.725664	0.042051	0.983944
0.728070	0.042564	0.983902
0.730435	0.043077	0.983871
0.732759	0.043590	0.983854
0.726496	0.043590	0.983841
0.728814	0.044103	0.983836
0.731092	0.044615	0.983809
0.725000	0.044615	0.983789
0.719008	0.044615	0.983587
0.721311	0.045128	0.983478
0.723577	0.045641	0.983432
0.725806	0.046154	0.983306
0.728000	0.046667	0.982963
0.730159	0.047179	0.982480
0.724409	0.047179	0.982229
0.718750	0.047179	0.982058
0.720930	0.047692	0.981801
0.723077	0.048205	0.981694
0.717557	0.048205	0.981576
0.719697	0.048718	0.981446
0.714286	0.048718	0.981301
0.716418	0.049231	0.981298
0.718519	0.049744	0.981164
0.713235	0.049744	0.981139
0.715328	0.050256	0.980992
0.717391	0.050769	0.980436
0.719424	0.051282	0.980300
0.721429	0.051795	0.980298
0.723404	0.052308	0.980285
0.718310	0.052308	0.980263
0.713287	0.052308	0.980214
0.715278	0.052821	0.980039
0.710345	0.052821	0.979990
0.712329	0.053333	0.979676
0.714286	0.053846	0.979483
0.716216	0.054359	0.978897
0.718121	0.054872	0.978771
0.720000	0.055385	0.978735
0.715232	0.055385	0.978656
0.710526	0.055385	0.978538
0.712418	0.055897	0.978258
0.714286	0.056410	0.978238
0.709677	0.056410	0.978185
0.705128	0.056410	0.978099
0.707006	0.056923	0.977894
0.708861	0.057436	0.977824
0.710692	0.057949	0.977817
0.712500	0.058462	0.977767
0.708075	0.058462	0.977329
0.703704	0.058462	0.977231
0.699387	0.058462	0.977191
0.695122	0.058462	0.977008
0.696970	0.058974	0.976535
0.692771	0.058974	0.976512
0.694611	0.059487	0.976507
0.696429	0.060000	0.976498
0.692308	0.060000	0.976476
0.688235	0.060000	0.976422
0.690058	0.060513	0.976268
0.691860	0.061026	0.976164
0.687861	0.061026	0.976145
0.689655	0.061538	0.975927
0.685714	0.061538	0.975889
0.687500	0.062051	0.975768
0.689266	0.062564	0.975683
0.685393	0.062564	0.975498
0.687151	0.063077	0.975483
0.688889	0.063590	0.975470
0.690608	0.064103	0.975415
0.692308	0.064615	0.975088
0.693989	0.065128	0.974782
0.695652	0.065641	0.974779
0.691892	0.065641	0.974755
0.693548	0.066154	0.974608
0.695187	0.066667	0.974567
0.696809	0.067179	0.974522
0.693122	0.067179	0.974484
0.689474	0.067179	0.974440
0.691099	0.067692	0.974340
0.692708	0.068205	0.974083
0.689119	0.068205	0.974062
0.685567	0.068205	0.974037
0.682051	0.068205	0.974015
0.683673	0.068718	0.973934
0.685279	0.069231	0.973119
0.686869	0.069744	0.973107
0.688442	0.070256	0.973062
0.685000	0.070256	0.972657
0.686567	0.070769	0.972417
0.683168	0.070769	0.972231
0.684729	0.071282	0.972104
0.686275	0.071795	0.972091
0.687805	0.072308	0.972048
0.684466	0.072308	0.971643
0.681159	0.072308	0.971638
0.682692	0.072821	0.971529
0.684211	0.073333	0.971206
0.680952	0.073333	0.971198
0.677725	0.073333	0.971177
0.679245	0.073846	0.970630
0.680751	0.074359	0.970595
0.677570	0.074359	0.970390
0.679070	0.074872	0.970333
0.675926	0.074872	0.970325
0.677419	0.075385	0.970252
0.674312	0.075385	0.970251
0.671233	0.075385	0.970214
0.668182	0.075385	0.970188
0.665158	0.075385	0.970126
0.666667	0.075897	0.970049
0.668161	0.076410	0.969918
0.665179	0.076410	0.969488
0.662222	0.076410	0.969422
0.659292	0.076410	0.969416
0.656388	0.076410	0.969307
0.657895	0.076923	0.969239
0.655022	0.076923	0.969219
0.652174	0.076923	0.969061
0.649351	0.076923	0.968959
0.650862	0.077436	0.968787
0.652361	0.077949	0.968599
0.653846	0.078462	0.968598
0.655319	0.078974	0.968544
0.652542	0.078974	0.968448
0.649789	0.078974	0.968423
0.651261	0.079487	0.968368
0.648536	0.079487	0.968314
0.645833	0.079487	0.968255
0.643154	0.079487	0.968174
0.644628	0.080000	0.968166
0.646091	0.080513	0.968110
0.643443	0.080513	0.968073
0.640816	0.080513	0.967931
0.642276	0.081026	0.967891
0.639676	0.081026	0.967773
0.641129	0.081538	0.967762
0.642570	0.082051	0.967654
0.644000	0.082564	0.967639
0.641434	0.082564	0.967510
0.642857	0.083077	0.967461
0.644269	0.083590	0.967356
0.641732	0.083590	0.967312
0.643137	0.084103	0.967267
0.644531	0.084615	0.967143
0.645914	0.085128	0.967051
0.647287	0.085641	0.966889
0.648649	0.086154	0.966665
0.646154	0.086154	0.966565
0.643678	0.086154	0.966316
0.641221	0.086154	0.966304
0.642586	0.086667	0.966224
0.643939	0.087179	0.965390
0.641509	0.087179	0.965333
0.639098	0.087179	0.964878
0.640449	0.087692	0.964628
0.641791	0.088205	0.964598
0.639405	0.088205	0.964411
0.640741	0.088718	0.964384
0.638376	0.088718	0.964300
0.639706	0.089231	0.963992
0.637363	0.089231	0.963914
0.635036	0.089231	0.963889
0.632727	0.089231	0.963709
0.630435	0.089231	0.963707
0.631769	0.089744	0.963653
0.629496	0.089744	0.963647
0.630824	0.090256	0.963602
0.628571	0.090256	0.963582
0.629893	0.090769	0.963580
0.627660	0.090769	0.963265
0.625442	0.090769	0.962682
0.626761	0.091282	0.962500
0.624561	0.091282	0.962432
0.625874	0.091795	0.962426
0.623693	0.091795	0.962385
0.621528	0.091795	0.962165
0.622837	0.092308	0.962141
0.624138	0.092821	0.961854
0.621993	0.092821	0.961783
0.623288	0.093333	0.961769
0.621160	0.093333	0.961082
0.619048	0.093333	0.960997
0.616949	0.093333	0.960615
0.618243	0.093846	0.960514
0.619529	0.094359	0.960180
0.617450	0.094359	0.960163
0.615385	0.094359	0.960157
0.616667	0.094872	0.960107
0.617940	0.095385	0.959790
0.619205	0.095897	0.959660
0.617162	0.095897	0.959627
0.618421	0.096410	0.959508
0.616393	0.096410	0.959290
0.614379	0.096410	0.959170
0.615635	0.096923	0.958924
0.613636	0.096923	0.958454
0.611650	0.096923	0.958272
0.612903	0.097436	0.958258
0.614148	0.097949	0.958248
0.615385	0.098462	0.958188
0.613419	0.098462	0.957993
0.611465	0.098462	0.957865
0.612698	0.098974	0.957845
0.613924	0.099487	0.957804
0.611987	0.099487	0.957578
0.613208	0.100000	0.957279
0.611285	0.100000	0.957245
0.612500	0.100513	0.957223
0.613707	0.101026	0.957201
0.611801	0.101026	0.957127
0.613003	0.101538	0.957008
0.611111	0.101538	0.956905
0.612308	0.102051	0.956827
0.610429	0.102051	0.956568
0.608563	0.102051	0.956558
0.606707	0.102051	0.956284
0.607903	0.102564	0.956074
0.606061	0.102564	0.955849
0.607251	0.103077	0.955715
0.605422	0.103077	0.955703
0.606607	0.103590	0.955613
0.604790	0.103590	0.955442
0.605970	0.104103	0.955232
0.604167	0.104103	0.954767
0.605341	0.104615	0.954448
0.603550	0.104615	0.954341
0.601770	0.104615	0.954226
0.602941	0.105128	0.954200
0.604106	0.105641	0.953933
0.602339	0.105641	0.953825
0.603499	0.106154	0.953631
0.604651	0.106667	0.953448
0.605797	0.107179	0.953411
0.606936	0.107692	0.953398
0.608069	0.108205	0.953224
0.609195	0.108718	0.952867
0.607450	0.108718	0.952849
0.605714	0.108718	0.952588
0.606838	0.109231	0.952540
0.605114	0.109231	0.952496
0.603399	0.109231	0.952277
0.604520	0.109744	0.952184
0.605634	0.110256	0.951874
0.606742	0.110769	0.951370
0.607843	0.111282	0.951301
0.608939	0.111795	0.951015
0.607242	0.111795	0.951006
0.608333	0.112308	0.950847
0.609418	0.112821	0.950469
0.607735	0.112821	0.950298
0.606061	0.112821	0.950244
0.604396	0.112821	0.949909
0.602740	0.112821	0.949749
0.603825	0.113333	0.949594
0.602180	0.113333	0.949382
0.603261	0.113846	0.949251
0.604336	0.114359	0.948984
0.602703	0.114359	0.948963
0.603774	0.114872	0.948853
0.602151	0.114872	0.948832
0.603217	0.115385	0.948703
0.604278	0.115897	0.948636
0.605333	0.116410	0.948562
0.603723	0.116410	0.948515
0.602122	0.116410	0.948457
0.600529	0.116410	0.948421
0.601583	0.116923	0.948366
0.602632	0.117436	0.947772
0.603675	0.117949	0.947453
0.604712	0.118462	0.947448
0.605744	0.118974	0.947441
0.604167	0.118974	0.947204
0.605195	0.119487	0.946882
0.603627	0.119487	0.946658
0.602067	0.119487	0.946339
0.600515	0.119487	0.945636
0.598972	0.119487	0.945573
0.597436	0.119487	0.945001
0.598465	0.120000	0.944923
0.599490	0.120513	0.944864
0.600509	0.121026	0.944710
0.601523	0.121538	0.944622
0.600000	0.121538	0.944600
0.601010	0.122051	0.944185
0.602015	0.122564	0.944084
0.603015	0.123077	0.944066
0.604010	0.123590	0.943849
0.605000	0.124103	0.943784
0.605985	0.124615	0.943556
0.606965	0.125128	0.943526
0.605459	0.125128	0.943393
0.603960	0.125128	0.943013
0.604938	0.125641	0.942907
0.605911	0.126154	0.942668
0.606880	0.126667	0.942615
0.605392	0.126667	0.942400
0.606357	0.127179	0.942396
0.607317	0.127692	0.942221
0.605839	0.127692	0.942058
0.604369	0.127692	0.942000
0.602906	0.127692	0.941766
0.603865	0.128205	0.941566
0.604819	0.128718	0.941524
0.605769	0.129231	0.941378
0.604317	0.129231	0.941305
0.602871	0.129231	0.941286
0.603819	0.129744	0.941090
0.604762	0.130256	0.941031
0.603325	0.130256	0.941000
0.604265	0.130769	0.940778
0.602837	0.130769	0.940761
0.603774	0.131282	0.940471
0.602353	0.131282	0.940301
0.600939	0.131282	0.940035
0.601874	0.131795	0.939981
0.600467	0.131795	0.939821
0.599068	0.131795	0.939746
0.597674	0.131795	0.939693
0.598608	0.132308	0.939672
0.599537	0.132821	0.939416
0.600462	0.133333	0.939387
0.601382	0.133846	0.939346
0.600000	0.133846	0.939308
0.600917	0.134359	0.939297
0.599542	0.134359	0.939253
0.600457	0.134872	0.939134
0.599089	0.134872	0.938910
0.600000	0.135385	0.938692
0.598639	0.135385	0.938679
0.597285	0.135385	0.938460
0.595937	0.135385	0.938124
0.596847	0.135897	0.938045
0.595506	0.135897	0.937971
0.594170	0.135897	0.937777
0.595078	0.136410	0.937750
0.595982	0.136923	0.937690
0.594655	0.136923	0.937623
0.593333	0.136923	0.937613
0.594235	0.137436	0.937467
0.595133	0.137949	0.937046
0.596026	0.138462	0.936637
0.594714	0.138462	0.936439
0.593407	0.138462	0.935900
0.594298	0.138974	0.935570
0.592998	0.138974	0.935540
0.591703	0.138974	0.935400
0.590414	0.138974	0.935398
0.591304	0.139487	0.935102
0.592191	0.140000	0.935021
0.590909	0.140000	0.934836
0.591793	0.140513	0.934630
0.592672	0.141026	0.934426
0.593548	0.141538	0.934421
0.592275	0.141538	0.934222
0.593148	0.142051	0.933977
0.594017	0.142564	0.933793
0.592751	0.142564	0.933741
0.591489	0.142564	0.933383
0.590234	0.142564	0.933034
0.591102	0.143077	0.932868
0.589852	0.143077	0.932790
0.588608	0.143077	0.932766
0.587368	0.143077	0.932516
0.588235	0.143590	0.932490
0.589099	0.144103	0.932253
0.589958	0.144615	0.932080
0.588727	0.144615	0.932019
0.587500	0.144615	0.931907
0.588358	0.145128	0.931870
0.589212	0.145641	0.931512
0.590062	0.146154	0.931484
0.588843	0.146154	0.931382
0.587629	0.146154	0.931375
0.588477	0.146667	0.931338
0.589322	0.147179	0.931246
0.590164	0.147692	0.931195
0.588957	0.147692	0.931046
0.589796	0.148205	0.930997
0.588595	0.148205	0.930960
0.589431	0.148718	0.930655
0.590264	0.149231	0.930539
0.589069	0.149231	0.930469
0.587879	0.149231	0.930432
0.588710	0.149744	0.930348
0.589537	0.150256	0.930309
0.588353	0.150256	0.930248
0.589178	0.150769	0.930157
0.588000	0.150769	0.930129
0.586826	0.150769	0.930069
0.585657	0.150769	0.930048
0.584493	0.150769	0.929928
0.585317	0.151282	0.929573
0.584158	0.151282	0.929474
0.584980	0.151795	0.929289
0.585799	0.152308	0.929217
0.586614	0.152821	0.929065
0.587426	0.153333	0.928404
0.586275	0.153333	0.928296
0.587084	0.153846	0.927704
0.587891	0.154359	0.927557
0.588694	0.154872	0.927494
0.589494	0.155385	0.927432
0.588350	0.155385	0.927255
0.589147	0.155897	0.927044
0.588008	0.155897	0.927007
0.586873	0.155897	0.926937
0.585742	0.155897	0.926734
0.586538	0.156410	0.926549
0.587332	0.156923	0.926475
0.588123	0.157436	0.925540
0.588910	0.157949	0.925535
0.587786	0.157949	0.925331
0.588571	0.158462	0.924936
0.589354	0.158974	0.924827
0.590133	0.159487	0.924790
0.589015	0.159487	0.924680
0.589792	0.160000	0.924560
0.590566	0.160513	0.924446
0.589454	0.160513	0.924409
0.590226	0.161026	0.924362
0.590994	0.161538	0.924249
0.591760	0.162051	0.924176
0.590654	0.162051	0.923777
0.589552	0.162051	0.923657
0.590317	0.162564	0.923519
0.591078	0.163077	0.923280
0.589981	0.163077	0.923114
0.590741	0.163590	0.923056
0.589649	0.163590	0.922861
0.588561	0.163590	0.922167
0.589319	0.164103	0.922145
0.590074	0.164615	0.922090
0.588991	0.164615	0.922013
0.587912	0.164615	0.921679
0.588665	0.165128	0.921589
0.587591	0.165128	0.921555
0.588342	0.165641	0.921485
0.589091	0.166154	0.921384
0.588022	0.166154	0.921343
0.586957	0.166154	0.920761
0.585895	0.166154	0.920676
0.586643	0.166667	0.920624
0.587387	0.167179	0.920348
0.588129	0.167692	0.919970
0.587074	0.167692	0.919537
0.587814	0.168205	0.919525
0.588551	0.168718	0.919247
0.587500	0.168718	0.919205
0.588235	0.169231	0.918997
0.587189	0.169231	0.918993
0.586146	0.169231	0.918988
0.586879	0.169744	0.918924
0.587611	0.170256	0.918237
0.586572	0.170256	0.918234
0.587302	0.170769	0.917974
0.586268	0.170769	0.917857
0.585237	0.170769	0.917550
0.585965	0.171282	0.917548
0.584939	0.171282	0.917239
0.583916	0.171282	0.917175
0.582897	0.171282	0.917093
0.581882	0.171282	0.917005
0.582609	0.171795	0.916864
0.581597	0.171795	0.916775
0.582322	0.172308	0.916708
0.583045	0.172821	0.916690
0.583765	0.173333	0.916485
0.582759	0.173333	0.916018
0.583477	0.173846	0.915630
0.584192	0.174359	0.915363
0.584906	0.174872	0.915152
0.583904	0.174872	0.914499
0.582906	0.174872	0.914134
0.581911	0.174872	0.914037
0.580920	0.174872	0.913796
0.581633	0.175385	0.913763
0.582343	0.175897	0.913642
0.581356	0.175897	0.913481
0.580372	0.175897	0.913448
0.579392	0.175897	0.913396
0.578415	0.175897	0.913337
0.577441	0.175897	0.913305
0.576471	0.175897	0.913122
0.577181	0.176410	0.913101
0.576214	0.176410	0.913079
0.576923	0.176923	0.913059
0.577629	0.177436	0.912772
0.578333	0.177949	0.912535
0.577371	0.177949	0.912510
0.578073	0.178462	0.912378
0.578773	0.178974	0.912298
0.577815	0.178974	0.912238
0.576860	0.178974	0.911932
0.577558	0.179487	0.911791
0.576606	0.179487	0.911751
0.575658	0.179487	0.911453
0.576355	0.180000	0.911443
0.575410	0.180000	0.910737
0.574468	0.180000	0.910692
0.575163	0.180513	0.910584
0.574225	0.180513	0.910581
0.574919	0.181026	0.910517
0.573984	0.181026	0.910414
0.573052	0.181026	0.910229
0.572123	0.181026	0.910186
0.571197	0.181026	0.910163
0.571890	0.181538	0.909786
0.570968	0.181538	0.909561
0.571659	0.182051	0.909216
0.570740	0.182051	0.909126
0.569823	0.182051	0.909082
0.570513	0.182564	0.908949
0.571200	0.183077	0.908560
0.570288	0.183077	0.908559
0.569378	0.183077	0.908408
0.570064	0.183590	0.907872
0.570747	0.184103	0.907705
0.569841	0.184103	0.907222
0.568938	0.184103	0.907033
0.569620	0.184615	0.906846
0.570300	0.185128	0.906705
0.569401	0.185128	0.906622
0.570079	0.185641	0.906171
0.570755	0.186154	0.906101
0.571429	0.186667	0.906082
0.572100	0.187179	0.906081
0.571205	0.187179	0.905921
0.571875	0.187692	0.905888
0.570983	0.187692	0.905805
0.571651	0.188205	0.905780
0.572317	0.188718	0.905470
0.571429	0.188718	0.905463
0.570543	0.188718	0.905187
0.569659	0.188718	0.905171
0.568779	0.188718	0.905096
0.567901	0.188718	0.904950
0.567026	0.188718	0.904946
0.567692	0.189231	0.904870
0.566820	0.189231	0.904626
0.567485	0.189744	0.904516
0.566616	0.189744	0.904446
0.565749	0.189744	0.904325
0.566412	0.190256	0.904238
0.567073	0.190769	0.904099
0.566210	0.190769	0.903664
0.565350	0.190769	0.903583
0.564492	0.190769	0.903511
0.563636	0.190769	0.902962
0.562784	0.190769	0.902901
0.561934	0.190769	0.902891
0.561086	0.190769	0.902719
0.560241	0.190769	0.902550
0.560902	0.191282	0.902454
0.560060	0.191282	0.902036
0.560720	0.191795	0.901702
0.561377	0.192308	0.901664
0.562033	0.192821	0.901654
0.561194	0.192821	0.901576
0.561848	0.193333	0.901494
0.561012	0.193333	0.901271
0.561664	0.193846	0.901195
0.562315	0.194359	0.900789
0.562963	0.194872	0.900738
0.562130	0.194872	0.900277
0.562777	0.195385	0.899956
0.561947	0.195385	0.899829
0.561119	0.195385	0.899646
0.561765	0.195897	0.899542
0.560940	0.195897	0.899519
0.561584	0.196410	0.899273
0.562225	0.196923	0.899200
0.561404	0.196923	0.898531
0.562044	0.197436	0.898453
0.561224	0.197436	0.897939
0.561863	0.197949	0.897671
0.561047	0.197949	0.896868
0.561684	0.198462	0.896656
0.562319	0.198974	0.896610
0.562952	0.199487	0.896559
0.563584	0.200000	0.896544
0.562771	0.200000	0.896538
0.563401	0.200513	0.895792
0.564029	0.201026	0.895699
0.564655	0.201538	0.895506
0.565280	0.202051	0.895485
0.564470	0.202051	0.895428
0.563662	0.202051	0.895283
0.562857	0.202051	0.895031
0.563481	0.202564	0.894719
0.564103	0.203077	0.894673
0.564723	0.203590	0.894523
0.565341	0.204103	0.894228
0.564539	0.204103	0.894145
0.563739	0.204103	0.894096
0.562942	0.204103	0.894095
0.562147	0.204103	0.894009
0.561354	0.204103	0.893959
0.560563	0.204103	0.893713
0.561181	0.204615	0.893490
0.561798	0.205128	0.893298
0.561010	0.205128	0.893059
0.561625	0.205641	0.893029
0.562238	0.206154	0.892520
0.562849	0.206667	0.892272
0.562064	0.206667	0.891828
0.561281	0.206667	0.891544
0.560501	0.206667	0.891363
0.559722	0.206667	0.891252
0.558946	0.206667	0.891128
0.559557	0.207179	0.890952
0.558783	0.207179	0.890671
0.558011	0.207179	0.890663
0.558621	0.207692	0.890627
0.557851	0.207692	0.890590
0.558459	0.208205	0.890099
0.557692	0.208205	0.890062
0.556927	0.208205	0.889957
0.556164	0.208205	0.889924
0.556772	0.208718	0.889715
0.556011	0.208718	0.889552
0.555252	0.208718	0.889508
0.554496	0.208718	0.889365
0.555102	0.209231	0.889299
0.555707	0.209744	0.889236
0.554953	0.209744	0.888799
0.555556	0.210256	0.888553
0.554804	0.210256	0.888032
0.555405	0.210769	0.887679
0.556005	0.211282	0.887511
0.555256	0.211282	0.887435
0.554509	0.211282	0.887358
0.553763	0.211282	0.887319
0.553020	0.211282	0.886941
0.552279	0.211282	0.886860
0.551539	0.211282	0.886458
0.550802	0.211282	0.885814
0.550067	0.211282	0.884929
0.549333	0.211282	0.884667
0.548602	0.211282	0.884595
0.549202	0.211795	0.884455
0.549801	0.212308	0.884354
0.549072	0.212308	0.883379
0.548344	0.212308	0.883109
0.547619	0.212308	0.882970
0.546896	0.212308	0.882895
0.546174	0.212308	0.882814
0.545455	0.212308	0.882545
0.544737	0.212308	0.882425
0.544021	0.212308	0.882325
0.544619	0.212821	0.882104
0.543906	0.212821	0.881974
0.543194	0.212821	0.881790
0.542484	0.212821	0.881432
0.541775	0.212821	0.881293
0.542373	0.213333	0.881016
0.542969	0.213846	0.880871
0.543563	0.214359	0.880781
0.544156	0.214872	0.880490
0.543450	0.214872	0.880111
0.544041	0.215385	0.880105
0.543338	0.215385	0.880060
0.543928	0.215897	0.880051
0.543226	0.215897	0.879957
0.543814	0.216410	0.879622
0.543115	0.216410	0.879458
0.543702	0.216923	0.879436
0.544288	0.217436	0.879357
0.543590	0.217436	0.878741
0.544174	0.217949	0.878437
0.543478	0.217949	0.878435
0.542784	0.217949	0.878412
0.542092	0.217949	0.878235
0.541401	0.217949	0.877750
0.540712	0.217949	0.877720
0.541296	0.218462	0.877700
0.541878	0.218974	0.877149
0.541191	0.218974	0.876676
0.540506	0.218974	0.876632
0.539823	0.218974	0.876082
0.539141	0.218974	0.876007
0.538462	0.218974	0.875981
0.537783	0.218974	0.875870
0.537107	0.218974	0.875786
0.536432	0.218974	0.875780
0.537014	0.219487	0.875402
0.536341	0.219487	0.875271
0.535670	0.219487	0.875212
0.536250	0.220000	0.874958
0.536829	0.220513	0.874771
0.536160	0.220513	0.874616
0.536737	0.221026	0.874467
0.537313	0.221538	0.874437
0.536646	0.221538	0.874412
0.537221	0.222051	0.874351
0.536555	0.222051	0.874212
0.535891	0.222051	0.873915
0.535229	0.222051	0.873878
0.535802	0.222564	0.873246
0.535142	0.222564	0.873144
0.534483	0.222564	0.872763
0.535055	0.223077	0.872450
0.535627	0.223590	0.872392
0.536196	0.224103	0.872040
0.536765	0.224615	0.871959
0.537332	0.225128	0.871756
0.536675	0.225128	0.871372
0.536020	0.225128	0.870640
0.535366	0.225128	0.870525
0.535932	0.225641	0.870467
0.535280	0.225641	0.870444
0.534629	0.225641	0.870227
0.533981	0.225641	0.870200
0.533333	0.225641	0.870159
0.533898	0.226154	0.869779
0.534462	0.226667	0.869545
0.535024	0.227179	0.869301
0.534379	0.227179	0.869262
0.534940	0.227692	0.869228
0.534296	0.227692	0.869093
0.533654	0.227692	0.868907
0.533013	0.227692	0.868382
0.532374	0.227692	0.868118
0.532934	0.228205	0.868034
0.532297	0.228205	0.867940
0.532855	0.228718	0.867344
0.533413	0.229231	0.866289
0.532777	0.229231	0.866271
0.533333	0.229744	0.866056
0.532699	0.229744	0.865975
0.533254	0.230256	0.865944
0.533808	0.230769	0.865613
0.533175	0.230769	0.865255
0.532544	0.230769	0.864963
0.533097	0.231282	0.864922
0.533648	0.231795	0.864502
0.534198	0.232308	0.864366
0.533569	0.232308	0.864336
0.534118	0.232821	0.864312
0.533490	0.232821	0.864278
0.532864	0.232821	0.864233
0.533411	0.233333	0.864128
0.532787	0.233333	0.864058
0.533333	0.233846	0.863790
0.532710	0.233846	0.863732
0.532089	0.233846	0.863691
0.532634	0.234359	0.862829
0.533178	0.234872	0.862082
0.532558	0.234872	0.861976
0.531940	0.234872	0.861786
0.531323	0.234872	0.861756
0.530707	0.234872	0.861627
0.531250	0.235385	0.861599
0.530636	0.235385	0.861595
0.530023	0.235385	0.861101
0.529412	0.235385	0.860866
0.529954	0.235897	0.860662
0.530495	0.236410	0.860335
0.531034	0.236923	0.860209
0.530425	0.236923	0.860139
0.529817	0.236923	0.860041
0.529210	0.236923	0.859607
0.528604	0.236923	0.859150
0.529143	0.237436	0.859117
0.528539	0.237436	0.859051
0.529076	0.237949	0.858594
0.528474	0.237949	0.858577
0.529010	0.238462	0.858450
0.528409	0.238462	0.857996
0.527809	0.238462	0.857862
0.528345	0.238974	0.857198
0.528879	0.239487	0.857078
0.528281	0.239487	0.857008
0.527684	0.239487	0.856932
0.527088	0.239487	0.856657
0.527621	0.240000	0.856258
0.527027	0.240000	0.856257
0.526434	0.240000	0.855559
0.525843	0.240000	0.855468
0.525253	0.240000	0.855328
0.525785	0.240513	0.855081
0.525196	0.240513	0.854829
0.525727	0.241026	0.854396
0.526257	0.241538	0.854371
0.525670	0.241538	0.854237
0.525084	0.241538	0.854235
0.525612	0.242051	0.854016
0.526140	0.242564	0.853764
0.526667	0.243077	0.853734
0.526082	0.243077	0.853073
0.525499	0.243077	0.852784
0.526024	0.243590	0.852755
0.525442	0.243590	0.852696
0.525967	0.244103	0.852594
0.526490	0.244615	0.852150
0.525910	0.244615	0.851757
0.525330	0.244615	0.851752
0.524752	0.244615	0.851256
0.524176	0.244615	0.851016
0.523600	0.244615	0.850500
0.523026	0.244615	0.850266
0.522453	0.244615	0.849947
0.521882	0.244615	0.849887
0.521311	0.244615	0.849749
0.521834	0.245128	0.849526
0.522356	0.245641	0.849192
0.521786	0.245641	0.849145
0.521219	0.245641	0.848894
0.520652	0.245641	0.848774
0.520087	0.245641	0.848742
0.520607	0.246154	0.848359
0.520043	0.246154	0.848028
0.519481	0.246154	0.847674
0.520000	0.246667	0.847653
0.520518	0.247179	0.847572
0.519957	0.247179	0.847275
0.519397	0.247179	0.847144
0.519914	0.247692	0.846752
0.520430	0.248205	0.846448
0.520945	0.248718	0.846367
0.520386	0.248718	0.846188
0.520900	0.249231	0.845850
0.520343	0.249231	0.845699
0.520856	0.249744	0.845691
0.520299	0.249744	0.845549
0.519744	0.249744	0.845441
0.520256	0.250256	0.845273
0.519702	0.250256	0.844855
0.519149	0.250256	0.844835
0.518597	0.250256	0.844811
0.518047	0.250256	0.844284
0.517497	0.250256	0.844145
0.516949	0.250256	0.843674
0.516402	0.250256	0.843357
0.515856	0.250256	0.842791
0.515312	0.250256	0.842448
0.514768	0.250256	0.841812
0.514226	0.250256	0.841135
0.514737	0.250769	0.840983
0.515247	0.251282	0.840687
0.514706	0.251282	0.840634
0.514166	0.251282	0.840309
0.514675	0.251795	0.839949
0.514136	0.251795	0.839742
0.513598	0.251795	0.839736
0.514107	0.252308	0.839708
0.514614	0.252821	0.839585
0.515120	0.253333	0.839314
0.514583	0.253333	0.839245
0.514048	0.253333	0.839152
0.513514	0.253333	0.839052
0.512980	0.253333	0.838996
0.512448	0.253333	0.838417
0.511917	0.253333	0.838326
0.511387	0.253333	0.838163
0.510858	0.253333	0.837733
0.511364	0.253846	0.837731
0.510836	0.253846	0.837574
0.510309	0.253846	0.837490
0.510814	0.254359	0.837414
0.510288	0.254359	0.837321
0.510791	0.254872	0.836974
0.510267	0.254872	0.836307
0.509744	0.254872	0.835937
0.510246	0.255385	0.835865
0.509724	0.255385	0.835823
0.509202	0.255385	0.835703
0.508682	0.255385	0.835120
0.508163	0.255385	0.834817
0.507645	0.255385	0.834696
0.508147	0.255897	0.834562
0.507630	0.255897	0.834357
0.508130	0.256410	0.834302
0.508629	0.256923	0.834162
0.508114	0.256923	0.833522
0.508612	0.257436	0.833059
0.508097	0.257436	0.832643
0.508595	0.257949	0.832218
0.508081	0.257949	0.830103
0.508577	0.258462	0.830025
0.508065	0.258462	0.829720
0.508560	0.258974	0.828969
0.508048	0.258974	0.828321
0.508543	0.259487	0.827807
0.508032	0.259487	0.827590
0.508526	0.260000	0.827502
0.509018	0.260513	0.827487
0.508509	0.260513	0.827189
0.508000	0.260513	0.826970
0.507493	0.260513	0.826500
0.507984	0.261026	0.826478
0.507478	0.261026	0.826441
0.506972	0.261026	0.826426
0.507463	0.261538	0.825730
0.507952	0.262051	0.825470
0.508441	0.262564	0.825255
0.507937	0.262564	0.824925
0.508424	0.263077	0.824685
0.507921	0.263077	0.824654
0.507418	0.263077	0.824362
0.506917	0.263077	0.824345
0.507404	0.263590	0.824173
0.506903	0.263590	0.824125
0.506404	0.263590	0.824023
0.505906	0.263590	0.824014
0.505408	0.263590	0.823926
0.505894	0.264103	0.823533
0.505397	0.264103	0.822205
0.504902	0.264103	0.821829
0.504407	0.264103	0.821611
0.503914	0.264103	0.821572
0.504399	0.264615	0.821225
0.503906	0.264615	0.820425
0.504390	0.265128	0.820292
0.503899	0.265128	0.819578
0.503408	0.265128	0.819342
0.502918	0.265128	0.818966
0.502430	0.265128	0.818208
0.501942	0.265128	0.817826
0.502425	0.265641	0.817347
0.501938	0.265641	0.817323
0.502420	0.266154	0.817078
0.502901	0.266667	0.816548
0.502415	0.266667	0.816462
0.501931	0.266667	0.816459
0.502411	0.267179	0.816226
0.501927	0.267179	0.816016
0.502406	0.267692	0.815595
0.501923	0.267692	0.815136
0.502402	0.268205	0.814813
0.502879	0.268718	0.814705
0.502397	0.268718	0.814460
0.502874	0.269231	0.814127
0.502392	0.269231	0.814055
0.502868	0.269744	0.813956
0.502388	0.269744	0.813595
0.502863	0.270256	0.813280
0.502383	0.270256	0.812503
0.502857	0.270769	0.811962
0.502379	0.270769	0.811777
0.501901	0.270769	0.811762
0.501425	0.270769	0.811760
0.500949	0.270769	0.811269
0.500474	0.270769	0.811238
0.500000	0.270769	0.811172
0.499527	0.270769	0.811120
0.499055	0.270769	0.810889
0.498584	0.270769	0.810813
0.498113	0.270769	0.810670
0.497644	0.270769	0.810588
0.497175	0.270769	0.810352
0.496707	0.270769	0.810147
0.496241	0.270769	0.809406
0.495775	0.270769	0.809288
0.495310	0.270769	0.809129
0.494845	0.270769	0.809088
0.495318	0.271282	0.808787
0.494855	0.271282	0.808342
0.494393	0.271282	0.807984
0.494865	0.271795	0.807921
0.494403	0.271795	0.807630
0.493942	0.271795	0.806769
0.493482	0.271795	0.805763
0.493023	0.271795	0.805624
0.492565	0.271795	0.805310
0.492108	0.271795	0.805034
0.492579	0.272308	0.804190
0.492122	0.272308	0.804187
0.491667	0.272308	0.804181
0.492137	0.272821	0.804073
0.491682	0.272821	0.804024
0.491228	0.272821	0.803918
0.491697	0.273333	0.803459
0.492166	0.273846	0.803398
0.491713	0.273846	0.803023
0.492180	0.274359	0.803002
0.491728	0.274359	0.802984
0.491276	0.274359	0.802709
0.491743	0.274872	0.802459
0.491292	0.274872	0.802391
0.490842	0.274872	0.801743
0.490393	0.274872	0.801493
0.490859	0.275385	0.801415
0.491324	0.275897	0.801205
0.490876	0.275897	0.801092
0.490428	0.275897	0.800477
0.489982	0.275897	0.800341
0.489536	0.275897	0.800119
0.489091	0.275897	0.800026
0.488647	0.275897	0.799930
0.488203	0.275897	0.799738
0.488667	0.276410	0.799709
0.488225	0.276410	0.798577
0.487783	0.276410	0.798572
0.488246	0.276923	0.798509
0.488708	0.277436	0.798508
0.488267	0.277436	0.798463
0.487827	0.277436	0.798351
0.487387	0.277436	0.797368
0.486949	0.277436	0.797296
0.487410	0.277949	0.797281
0.487871	0.278462	0.797254
0.488330	0.278974	0.797034
0.487892	0.278974	0.796968
0.487455	0.278974	0.796921
0.487914	0.279487	0.796669
0.487478	0.279487	0.796527
0.487042	0.279487	0.796442
0.486607	0.279487	0.796011
0.486173	0.279487	0.795776
0.486631	0.280000	0.795631
0.486198	0.280000	0.795410
0.486655	0.280513	0.795123
0.486222	0.280513	0.795078
0.485790	0.280513	0.794556
0.485359	0.280513	0.794198
0.484929	0.280513	0.793872
0.485385	0.281026	0.793733
0.484956	0.281026	0.793571
0.485411	0.281538	0.793559
0.485866	0.282051	0.793543
0.486320	0.282564	0.793275
0.486772	0.283077	0.793186
0.486344	0.283077	0.792642
0.485915	0.283077	0.792342
0.485488	0.283077	0.792231
0.485940	0.283590	0.792051
0.485514	0.283590	0.791903
0.485088	0.283590	0.791611
0.484663	0.283590	0.791551
0.484238	0.283590	0.791476
0.483815	0.283590	0.791322
0.483392	0.283590	0.791007
0.483843	0.284103	0.790895
0.483421	0.284103	0.790445
0.482999	0.284103	0.790161
0.483449	0.284615	0.790041
0.483029	0.284615	0.789346
0.482609	0.284615	0.789345
0.482189	0.284615	0.789294
0.481771	0.284615	0.789023
0.481353	0.284615	0.788761
0.480936	0.284615	0.788675
0.480519	0.284615	0.788499
0.480104	0.284615	0.788094
0.479689	0.284615	0.787667
0.479275	0.284615	0.787565
0.478861	0.284615	0.787203
0.479310	0.285128	0.787091
0.479759	0.285641	0.786917
0.479346	0.285641	0.786815
0.478934	0.285641	0.786724
0.478522	0.285641	0.786675
0.478112	0.285641	0.786581
0.477702	0.285641	0.786397
0.478149	0.286154	0.786277
0.478596	0.286667	0.785688
0.478186	0.286667	0.785359
0.477778	0.286667	0.784956
0.478224	0.287179	0.784928
0.478669	0.287692	0.784128
0.478261	0.287692	0.784011
0.477853	0.287692	0.783921
0.477447	0.287692	0.783899
0.477891	0.288205	0.783759
0.477485	0.288205	0.783663
0.477080	0.288205	0.783259
0.476675	0.288205	0.782874
0.477119	0.288718	0.782800
0.476715	0.288718	0.782566
0.476311	0.288718	0.782366
0.475909	0.288718	0.782047
0.475507	0.288718	0.781945
0.475105	0.288718	0.781796
0.474705	0.288718	0.781694
0.475147	0.289231	0.780652
0.474747	0.289231	0.780518
0.474348	0.289231	0.780512
0.473950	0.289231	0.780473
0.473552	0.289231	0.780432
0.473154	0.289231	0.778574
0.472758	0.289231	0.778549
0.472362	0.289231	0.778542
0.471967	0.289231	0.778364
0.472408	0.289744	0.778020
0.472013	0.289744	0.777923
0.472454	0.290256	0.777815
0.472894	0.290769	0.777708
0.472500	0.290769	0.777603
0.472107	0.290769	0.777495
0.472546	0.291282	0.777458
0.472153	0.291282	0.777394
0.471761	0.291282	0.777246
0.471369	0.291282	0.777083
0.470978	0.291282	0.777018
0.470588	0.291282	0.776993
0.470199	0.291282	0.776260
0.470637	0.291795	0.775967
0.470248	0.291795	0.775616
0.470685	0.292308	0.775403
0.471122	0.292821	0.775396
0.470734	0.292821	0.775338
0.470346	0.292821	0.774965
0.469959	0.292821	0.774311
0.469572	0.292821	0.774202
0.469187	0.292821	0.773216
0.468801	0.292821	0.772504
0.469237	0.293333	0.772112
0.469672	0.293846	0.772070
0.469287	0.293846	0.771870
0.468903	0.293846	0.771743
0.468520	0.293846	0.771742
0.468954	0.294359	0.771678
0.468571	0.294359	0.771633
0.468189	0.294359	0.771564
0.468623	0.294872	0.771417
0.468241	0.294872	0.771389
0.467860	0.294872	0.771162
0.468293	0.295385	0.770707
0.467912	0.295385	0.770503
0.467532	0.295385	0.770471
0.467153	0.295385	0.769625
0.467585	0.295897	0.769579
0.467206	0.295897	0.769390
0.466828	0.295897	0.769333
0.466451	0.295897	0.769228
0.466074	0.295897	0.768944
0.465698	0.295897	0.768716
0.465323	0.295897	0.768350
0.464948	0.295897	0.767935
0.464573	0.295897	0.767872
0.464200	0.295897	0.767579
0.464630	0.296410	0.767479
0.464257	0.296410	0.767403
0.463884	0.296410	0.767098
0.464314	0.296923	0.766712
0.464744	0.297436	0.766493
0.465172	0.297949	0.766239
0.465600	0.298462	0.766105
0.465228	0.298462	0.765788
0.465655	0.298974	0.765743
0.465283	0.298974	0.765577
0.464912	0.298974	0.765573
0.465339	0.299487	0.765360
0.464968	0.299487	0.764954
0.464598	0.299487	0.764689
0.465024	0.300000	0.764003
0.464654	0.300000	0.763889
0.464286	0.300000	0.763704
0.463918	0.300000	0.762959
0.463550	0.300000	0.762797
0.463975	0.300513	0.762785
0.463608	0.300513	0.762504
0.463241	0.300513	0.762457
0.462875	0.300513	0.761552
0.462510	0.300513	0.761254
0.462145	0.300513	0.760977
0.461781	0.300513	0.760921
0.461417	0.300513	0.760831
0.461054	0.300513	0.760676
0.460692	0.300513	0.760249
0.460330	0.300513	0.759953
0.460754	0.301026	0.759171
0.460392	0.301026	0.758729
0.460815	0.301538	0.758713
0.461237	0.302051	0.758485
0.460876	0.302051	0.757791
0.460516	0.302051	0.757619
0.460938	0.302564	0.757594
0.460578	0.302564	0.756725
0.460218	0.302564	0.756421
0.459860	0.302564	0.756316
0.459502	0.302564	0.756250
0.459922	0.303077	0.755693
0.459565	0.303077	0.755389
0.459207	0.303077	0.755349
0.459627	0.303590	0.755189
0.460047	0.304103	0.755175
0.460465	0.304615	0.754900
0.460108	0.304615	0.754879
0.459752	0.304615	0.754737
0.460170	0.305128	0.754004
0.460587	0.305641	0.753242
0.461004	0.306154	0.753128
0.460648	0.306154	0.752558
0.460293	0.306154	0.752424
0.459938	0.306154	0.752311
0.460354	0.306667	0.752215
0.460000	0.306667	0.751814
0.459646	0.306667	0.751605
0.459293	0.306667	0.751079
0.458941	0.306667	0.750765
0.458589	0.306667	0.750555
0.458238	0.306667	0.750081
0.458652	0.307179	0.749664
0.458301	0.307179	0.749555
0.458716	0.307692	0.749498
0.458365	0.307692	0.749161
0.458015	0.307692	0.749093
0.457666	0.307692	0.748871
0.457317	0.307692	0.748680
0.457730	0.308205	0.748617
0.457382	0.308205	0.748570
0.457034	0.308205	0.748014
0.456687	0.308205	0.747861
0.456340	0.308205	0.747795
0.455994	0.308205	0.747534
0.455648	0.308205	0.746820
0.455303	0.308205	0.746747
0.455715	0.308718	0.746654
0.455371	0.308718	0.746225
0.455026	0.308718	0.746221
0.454683	0.308718	0.746036
0.454340	0.308718	0.745953
0.454751	0.309231	0.745899
0.454408	0.309231	0.745682
0.454066	0.309231	0.745392
0.453725	0.309231	0.745363
0.454135	0.309744	0.745271
0.454545	0.310256	0.745168
0.454955	0.310769	0.744794
0.454614	0.310769	0.744786
0.454273	0.310769	0.743995
0.453933	0.310769	0.743868
0.454341	0.311282	0.743486
0.454749	0.311795	0.743042
0.454410	0.311795	0.742991
0.454070	0.311795	0.742834
0.453731	0.311795	0.742657
0.453393	0.311795	0.742457
0.453800	0.312308	0.742355
0.454207	0.312821	0.741927
0.453869	0.312821	0.741758
0.453532	0.312821	0.741676
0.453195	0.312821	0.741669
0.453601	0.313333	0.741429
0.454006	0.313846	0.741018
0.453669	0.313846	0.740922
0.453333	0.313846	0.740874
0.453738	0.314359	0.740394
0.453402	0.314359	0.739758
0.453806	0.314872	0.739545
0.454210	0.315385	0.739465
0.453875	0.315385	0.739246
0.453540	0.315385	0.738901
0.453206	0.315385	0.738887
0.452872	0.315385	0.738765
0.453274	0.315897	0.738329
0.452941	0.315897	0.737943
0.452608	0.315897	0.737915
0.452276	0.315897	0.737871
0.451944	0.315897	0.737761
0.452346	0.316410	0.737733
0.452015	0.316410	0.737346
0.451684	0.316410	0.737339
0.452085	0.316923	0.737326
0.451754	0.316923	0.736937
0.451424	0.316923	0.736827
0.451825	0.317436	0.736813
0.451495	0.317436	0.735950
0.451166	0.317436	0.735896
0.450838	0.317436	0.735802
0.450509	0.317436	0.735750
0.450182	0.317436	0.735724
0.450581	0.317949	0.735405
0.450254	0.317949	0.734990
0.449927	0.317949	0.734623
0.449601	0.317949	0.734537
0.450000	0.318462	0.733571
0.449674	0.318462	0.733544
0.449349	0.318462	0.733483
0.449024	0.318462	0.733478
0.449422	0.318974	0.733443
0.449819	0.319487	0.733272
0.450216	0.320000	0.733099
0.449892	0.320000	0.732894
0.450288	0.320513	0.732212
0.449964	0.320513	0.732093
0.449640	0.320513	0.731961
0.449317	0.320513	0.731875
0.449713	0.321026	0.731839
0.449390	0.321026	0.731387
0.449785	0.321538	0.731306
0.450179	0.322051	0.731272
0.449857	0.322051	0.730685
0.450251	0.322564	0.730615
0.449928	0.322564	0.730407
0.449607	0.322564	0.729997
0.449286	0.322564	0.729568
0.448965	0.322564	0.729286
0.449358	0.323077	0.728905
0.449038	0.323077	0.728553
0.448718	0.323077	0.728272
0.449110	0.323590	0.727927
0.448791	0.323590	0.727655
0.448472	0.323590	0.727533
0.448153	0.323590	0.726706
0.447835	0.323590	0.725941
0.447518	0.323590	0.725747
0.447201	0.323590	0.725549
0.447592	0.324103	0.725363
0.447275	0.324103	0.725157
0.446959	0.324103	0.724220
0.446643	0.324103	0.723310
0.446328	0.324103	0.723230
0.446718	0.324615	0.722907
0.446403	0.324615	0.722784
0.446089	0.324615	0.722717
0.445775	0.324615	0.722615
0.445461	0.324615	0.722432
0.445148	0.324615	0.722367
0.444835	0.324615	0.722133
0.444522	0.324615	0.721881
0.444912	0.325128	0.721383
0.444600	0.325128	0.721229
0.444289	0.325128	0.721153
0.443978	0.325128	0.721112
0.443667	0.325128	0.720685
0.443357	0.325128	0.719827
0.443047	0.325128	0.719639
0.442737	0.325128	0.719586
0.442428	0.325128	0.719447
0.442120	0.325128	0.718559
0.441812	0.325128	0.718076
0.441504	0.325128	0.718067
0.441197	0.325128	0.717831
0.440890	0.325128	0.717498
0.440584	0.325128	0.717430
0.440278	0.325128	0.716312
0.440666	0.325641	0.716225
0.441054	0.326154	0.716150
0.440748	0.326154	0.715766
0.440443	0.326154	0.715330
0.440830	0.326667	0.715147
0.441217	0.327179	0.714972
0.440912	0.327179	0.713525
0.440608	0.327179	0.713519
0.440304	0.327179	0.713341
0.440000	0.327179	0.713086
0.439697	0.327179	0.712820
0.439394	0.327179	0.712504
0.439092	0.327179	0.712454
0.439477	0.327692	0.712164
0.439863	0.328205	0.712146
0.439560	0.328205	0.712052
0.439945	0.328718	0.711957
0.439643	0.328718	0.710536
0.439342	0.328718	0.710454
0.439041	0.328718	0.710360
0.438741	0.328718	0.710324
0.439124	0.329231	0.710271
0.438824	0.329231	0.710267
0.438525	0.329231	0.710205
0.438225	0.329231	0.710194
0.437926	0.329231	0.710093
0.437628	0.329231	0.709528
0.437330	0.329231	0.709492
0.437032	0.329231	0.708966
0.436735	0.329231	0.708946
0.436438	0.329231	0.708779
0.436141	0.329231	0.708677
0.435845	0.329231	0.707841
0.436228	0.329744	0.707808
0.435932	0.329744	0.707750
0.435637	0.329744	0.707744
0.435342	0.329744	0.707640
0.435047	0.329744	0.707616
0.434753	0.329744	0.707526
0.434459	0.329744	0.706807
0.434166	0.329744	0.706457
0.433873	0.329744	0.706369
0.433581	0.329744	0.706118
0.433288	0.329744	0.705876
0.432997	0.329744	0.705236
0.433378	0.330256	0.705197
0.433087	0.330256	0.705163
0.432796	0.330256	0.705075
0.432505	0.330256	0.705071
0.432886	0.330769	0.704872
0.432596	0.330769	0.704782
0.432306	0.330769	0.704552
0.432016	0.330769	0.704538
0.431727	0.330769	0.704511
0.431438	0.330769	0.704348
0.431150	0.330769	0.703960
0.430862	0.330769	0.703955
0.430574	0.330769	0.703281
0.430287	0.330769	0.703125
0.430667	0.331282	0.703064
0.430380	0.331282	0.702753
0.430093	0.331282	0.702548
0.429807	0.331282	0.702398
0.429521	0.331282	0.702178
0.429236	0.331282	0.702124
0.428951	0.331282	0.701877
0.428666	0.331282	0.701820
0.428382	0.331282	0.701754
0.428098	0.331282	0.701485
0.427815	0.331282	0.701466
0.427531	0.331282	0.700736
0.427249	0.331282	0.700521
0.426966	0.331282	0.700316
0.426684	0.331282	0.699681
0.426403	0.331282	0.699440
0.426781	0.331795	0.698626
0.427159	0.332308	0.698564
0.426877	0.332308	0.698255
0.427255	0.332821	0.697597
0.427632	0.333333	0.697391
0.427350	0.333333	0.696777
0.427070	0.333333	0.696668
0.426789	0.333333	0.696449
0.427165	0.333846	0.696420
0.427541	0.334359	0.696420
0.427261	0.334359	0.696318
0.427636	0.334872	0.695228
0.427356	0.334872	0.695158
0.427077	0.334872	0.694435
0.426797	0.334872	0.694163
0.426519	0.334872	0.694060
0.426240	0.334872	0.693700
0.425962	0.334872	0.693526
0.426336	0.335385	0.693370
0.426059	0.335385	0.693325
0.425781	0.335385	0.693215
0.425504	0.335385	0.693105
0.425878	0.335897	0.692947
0.425601	0.335897	0.692503
0.425974	0.336410	0.691603
0.425698	0.336410	0.691332
0.425422	0.336410	0.691259
0.425794	0.336923	0.691255
0.425518	0.336923	0.691093
0.425243	0.336923	0.690358
0.424968	0.336923	0.690355
0.424693	0.336923	0.689331
0.425065	0.337436	0.689294
0.424790	0.337436	0.688977
0.424516	0.337436	0.688929
0.424242	0.337436	0.688349
0.423969	0.337436	0.688331
0.423696	0.337436	0.688051
0.423423	0.337436	0.687770
0.423151	0.337436	0.687682
0.422879	0.337436	0.687553
0.423250	0.337949	0.687506
0.422978	0.337949	0.687491
0.423348	0.338462	0.687373
0.423077	0.338462	0.687278
0.423447	0.338974	0.687173
0.423175	0.338974	0.686859
0.422905	0.338974	0.686640
0.422634	0.338974	0.686583
0.422364	0.338974	0.686557
0.422095	0.338974	0.686216
0.421825	0.338974	0.685544
0.421556	0.338974	0.684899
0.421287	0.338974	0.684796
0.421019	0.338974	0.684563
0.421388	0.339487	0.684485
0.421120	0.339487	0.684121
0.420852	0.339487	0.684120
0.420584	0.339487	0.683970
0.420317	0.339487	0.683608
0.420051	0.339487	0.683444
0.420419	0.340000	0.683202
0.420152	0.340000	0.683018
0.419886	0.340000	0.682580
0.419620	0.340000	0.682521
0.419355	0.340000	0.682511
0.419090	0.340000	0.682450
0.418825	0.340000	0.682120
0.419192	0.340513	0.682028
0.418927	0.340513	0.681959
0.419294	0.341026	0.681674
0.419660	0.341538	0.681650
0.419395	0.341538	0.681320
0.419761	0.342051	0.681185
0.420126	0.342564	0.681117
0.419862	0.342564	0.680525
0.419598	0.342564	0.680194
0.419335	0.342564	0.680191
0.419699	0.343077	0.679805
0.419436	0.343077	0.679755
0.419173	0.343077	0.679507
0.418910	0.343077	0.679298
0.419274	0.343590	0.679094
0.419012	0.343590	0.678843
0.418750	0.343590	0.678811
0.418488	0.343590	0.678411
0.418227	0.343590	0.678408
0.417966	0.343590	0.677876
0.418329	0.344103	0.677837
0.418069	0.344103	0.677670
0.417808	0.344103	0.677522
0.417548	0.344103	0.677151
0.417910	0.344615	0.677118
0.417651	0.344615	0.676342
0.417391	0.344615	0.676115
0.417132	0.344615	0.675909
0.416873	0.344615	0.675851
0.416615	0.344615	0.675844
0.416976	0.345128	0.675778
0.416718	0.345128	0.675512
0.417079	0.345641	0.675421
0.416821	0.345641	0.674693
0.416564	0.345641	0.674417
0.416924	0.346154	0.673822
0.416667	0.346154	0.673767
0.416410	0.346154	0.673495
0.416153	0.346154	0.673490
0.415896	0.346154	0.673465
0.415640	0.346154	0.673421
0.415385	0.346154	0.673398
0.415129	0.346154	0.673262
0.414874	0.346154	0.672507
0.415233	0.346667	0.672161
0.414979	0.346667	0.672063
0.415337	0.347179	0.671921
0.415083	0.347179	0.671891
0.415441	0.347692	0.671562
0.415187	0.347692	0.671544
0.414933	0.347692	0.671371
0.414679	0.347692	0.671299
0.415037	0.348205	0.671237
0.414783	0.348205	0.671158
0.414530	0.348205	0.670883
0.414277	0.348205	0.670781
0.414024	0.348205	0.670689
0.413772	0.348205	0.670676
0.413520	0.348205	0.670476
0.413877	0.348718	0.670133
0.414234	0.349231	0.669804
0.413982	0.349231	0.669675
0.413730	0.349231	0.669624
0.414086	0.349744	0.669204
0.413835	0.349744	0.668447
0.413584	0.349744	0.668364
0.413939	0.350256	0.667509
0.413689	0.350256	0.667145
0.413438	0.350256	0.666995
0.413793	0.350769	0.666927
0.413543	0.350769	0.666785
0.413293	0.350769	0.666733
0.413043	0.350769	0.666302
0.413398	0.351282	0.666094
0.413752	0.351795	0.665968
0.413502	0.351795	0.665966
0.413253	0.351795	0.665594
0.413004	0.351795	0.665351
0.412756	0.351795	0.665264
0.412508	0.351795	0.665229
0.412260	0.351795	0.665228
0.412613	0.352308	0.664898
0.412365	0.352308	0.664845
0.412118	0.352308	0.664727
0.411871	0.352308	0.664620
0.412223	0.352821	0.664255
0.411976	0.352821	0.663694
0.411730	0.352821	0.663655
0.411483	0.352821	0.663484
0.411835	0.353333	0.663425
0.411589	0.353333	0.663222
0.411343	0.353333	0.662968
0.411098	0.353333	0.662842
0.410853	0.353333	0.662503
0.410608	0.353333	0.662304
0.410363	0.353333	0.661389
0.410714	0.353846	0.660769
0.410470	0.353846	0.660702
0.410226	0.353846	0.660173
0.409982	0.353846	0.659797
0.409739	0.353846	0.659414
0.409496	0.353846	0.659364
0.409253	0.353846	0.658966
0.409603	0.354359	0.658943
0.409953	0.354872	0.658405
0.409710	0.354872	0.658231
0.409467	0.354872	0.657910
0.409225	0.354872	0.657865
0.409574	0.355385	0.657527
0.409333	0.355385	0.657513
0.409091	0.355385	0.657216
0.408850	0.355385	0.656947
0.409198	0.355897	0.656930
0.408957	0.355897	0.656763
0.408716	0.355897	0.656555
0.409064	0.356410	0.655808
0.408824	0.356410	0.655528
0.409171	0.356923	0.655453
0.408931	0.356923	0.655416
0.408691	0.356923	0.654981
0.408451	0.356923	0.654204
0.408211	0.356923	0.653899
0.407972	0.356923	0.653364
0.407733	0.356923	0.652898
0.407494	0.356923	0.652468
0.407256	0.356923	0.652180
0.407018	0.356923	0.652150
0.406780	0.356923	0.651910
0.406542	0.356923	0.651027
0.406305	0.356923	0.650908
0.406068	0.356923	0.650866
0.405831	0.356923	0.650674
0.405594	0.356923	0.650672
0.405358	0.356923	0.650660
0.405122	0.356923	0.650528
0.404887	0.356923	0.650497
0.404651	0.356923	0.650306
0.404416	0.356923	0.649924
0.404181	0.356923	0.649585
0.403947	0.356923	0.648946
0.404292	0.357436	0.648833
0.404058	0.357436	0.648057
0.403824	0.357436	0.647965
0.403590	0.357436	0.646418
0.403935	0.357949	0.646355
0.403702	0.357949	0.646301
0.403468	0.357949	0.646208
0.403235	0.357949	0.646193
0.403002	0.357949	0.645545
0.402770	0.357949	0.645141
0.402537	0.357949	0.644842
0.402305	0.357949	0.644652
0.402074	0.357949	0.644637
0.401842	0.357949	0.644458
0.401611	0.357949	0.644093
0.401955	0.358462	0.643859
0.402299	0.358974	0.643813
0.402642	0.359487	0.643536
0.402411	0.359487	0.643477
0.402754	0.360000	0.643297
0.402523	0.360000	0.642979
0.402292	0.360000	0.642764
0.402062	0.360000	0.642731
0.401832	0.360000	0.642433
0.401602	0.360000	0.641067
0.401372	0.360000	0.640958
0.401143	0.360000	0.640540
0.400914	0.360000	0.640460
0.400685	0.360000	0.640196
0.400456	0.360000	0.640173
0.400228	0.360000	0.640140
0.400570	0.360513	0.640123
0.400342	0.360513	0.640002
0.400114	0.360513	0.639507
0.399886	0.360513	0.639209
0.400227	0.361026	0.639027
0.400568	0.361538	0.638207
0.400341	0.361538	0.637974
0.400681	0.362051	0.637464
0.400454	0.362051	0.637227
0.400227	0.362051	0.637187
0.400000	0.362051	0.636596
0.400340	0.362564	0.636435
0.400679	0.363077	0.636169
0.400452	0.363077	0.635879
0.400226	0.363077	0.635694
0.400000	0.363077	0.635265
0.400339	0.363590	0.635153
0.400113	0.363590	0.635120
0.400451	0.364103	0.635006
0.400225	0.364103	0.634797
0.400563	0.364615	0.634617
0.400338	0.364615	0.634322
0.400113	0.364615	0.633592
0.399888	0.364615	0.632947
0.399663	0.364615	0.632867
0.399438	0.364615	0.632860
0.399775	0.365128	0.632553
0.399551	0.365128	0.632450
0.399327	0.365128	0.632184
0.399103	0.365128	0.631944
0.398880	0.365128	0.631833
0.398656	0.365128	0.631709
0.398433	0.365128	0.631658
0.398210	0.365128	0.631492
0.397988	0.365128	0.631489
0.398324	0.365641	0.631170
0.398660	0.366154	0.630636
0.398438	0.366154	0.629940
0.398215	0.366154	0.629782
0.398551	0.366667	0.629554
0.398329	0.366667	0.629259
0.398107	0.366667	0.628957
0.397885	0.366667	0.628876
0.397664	0.366667	0.628300
0.397443	0.366667	0.627958
0.397778	0.367179	0.627829
0.397557	0.367179	0.627641
0.397336	0.367179	0.627288
0.397116	0.367179	0.627264
0.396896	0.367179	0.627175
0.396676	0.367179	0.626879
0.396456	0.367179	0.626324
0.396237	0.367179	0.626144
0.396018	0.367179	0.625800
0.395799	0.367179	0.625733
0.395580	0.367179	0.625425
0.395362	0.367179	0.625310
0.395695	0.367692	0.625077
0.395477	0.367692	0.625001
0.395259	0.367692	0.624919
0.395592	0.368205	0.624712
0.395925	0.368718	0.624613
0.395707	0.368718	0.624568
0.395490	0.368718	0.624500
0.395272	0.368718	0.624328
0.395055	0.368718	0.624327
0.394838	0.368718	0.623933
0.394621	0.368718	0.623718
0.394405	0.368718	0.623544
0.394189	0.368718	0.622788
0.393973	0.368718	0.622754
0.393757	0.368718	0.622478
0.393541	0.368718	0.621315
0.393326	0.368718	0.620567
0.393111	0.368718	0.620215
0.393443	0.369231	0.619877
0.393228	0.369231	0.619857
0.393013	0.369231	0.619787
0.392799	0.369231	0.619567
0.392585	0.369231	0.619561
0.392371	0.369231	0.619196
0.392157	0.369231	0.618637
0.391943	0.369231	0.618409
0.391730	0.369231	0.618203
0.391517	0.369231	0.617531
0.391304	0.369231	0.617393
0.391092	0.369231	0.617219
0.390879	0.369231	0.617099
0.390667	0.369231	0.616840
0.390998	0.369744	0.616816
0.390786	0.369744	0.616445
0.390574	0.369744	0.616380
0.390363	0.369744	0.615969
0.390152	0.369744	0.615673
0.389941	0.369744	0.615584
0.389730	0.369744	0.615129
0.389519	0.369744	0.615036
0.389309	0.369744	0.614534
0.389638	0.370256	0.614346
0.389428	0.370256	0.614253
0.389218	0.370256	0.614010
0.389547	0.370769	0.613921
0.389338	0.370769	0.613831
0.389128	0.370769	0.613815
0.388919	0.370769	0.612658
0.388710	0.370769	0.612488
0.388501	0.370769	0.611768
0.388292	0.370769	0.611205
0.388084	0.370769	0.610769
0.388412	0.371282	0.610743
0.388204	0.371282	0.610586
0.388532	0.371795	0.610527
0.388324	0.371795	0.610284
0.388116	0.371795	0.610256
0.388443	0.372308	0.609806
0.388235	0.372308	0.609367
0.388028	0.372308	0.609279
0.387821	0.372308	0.609272
0.387613	0.372308	0.608931
0.387407	0.372308	0.608152
0.387200	0.372308	0.608096
0.386994	0.372308	0.607992
0.386787	0.372308	0.607989
0.386581	0.372308	0.607969
0.386376	0.372308	0.607762
0.386170	0.372308	0.607582
0.385965	0.372308	0.606777
0.385760	0.372308	0.606580
0.385555	0.372308	0.606248
0.385350	0.372308	0.606199
0.385146	0.372308	0.605656
0.384942	0.372308	0.605316
0.384738	0.372308	0.605124
0.384534	0.372308	0.604909
0.384330	0.372308	0.604779
0.384127	0.372308	0.604762
0.383924	0.372308	0.604266
0.383721	0.372308	0.604134
0.383518	0.372308	0.603954
0.383316	0.372308	0.603934
0.383113	0.372308	0.603929
0.383439	0.372821	0.603857
0.383237	0.372821	0.603550
0.383035	0.372821	0.603429
0.382833	0.372821	0.603180
0.382632	0.372821	0.603044
0.382430	0.372821	0.602912
0.382229	0.372821	0.602689
0.382554	0.373333	0.602623
0.382353	0.373333	0.602622
0.382677	0.373846	0.602581
0.382476	0.373846	0.602562
0.382276	0.373846	0.602363
0.382075	0.373846	0.602031
0.381875	0.373846	0.601955
0.381675	0.373846	0.601893
0.381999	0.374359	0.601660
0.381799	0.374359	0.601302
0.381600	0.374359	0.601056
0.381400	0.374359	0.600789
0.381723	0.374872	0.600389
0.381524	0.374872	0.600193
0.381325	0.374872	0.600032
0.381648	0.375385	0.599082
0.381449	0.375385	0.598050
0.381250	0.375385	0.597765
0.381052	0.375385	0.597479
0.380853	0.375385	0.597411
0.380655	0.375385	0.597085
0.380457	0.375385	0.596467
0.380260	0.375385	0.596421
0.380062	0.375385	0.596034
0.379865	0.375385	0.595469
0.379668	0.375385	0.595121
0.379990	0.375897	0.594561
0.379793	0.375897	0.594003
0.379596	0.375897	0.593882
0.379400	0.375897	0.593776
0.379203	0.375897	0.593644
0.379007	0.375897	0.593601
0.379328	0.376410	0.593522
0.379132	0.376410	0.593468
0.379453	0.376923	0.593352
0.379773	0.377436	0.593338
0.379577	0.377436	0.593251
0.379381	0.377436	0.593244
0.379186	0.377436	0.593114
0.378991	0.377436	0.592777
0.378796	0.377436	0.592669
0.378601	0.377436	0.592508
0.378406	0.377436	0.592258
0.378726	0.377949	0.591615
0.378531	0.377949	0.590645
0.378337	0.377949	0.590502
0.378143	0.377949	0.590390
0.377949	0.377949	0.590245
0.378268	0.378462	0.590091
0.378074	0.378462	0.589884
0.377880	0.378462	0.589648
0.377687	0.378462	0.589553
0.377494	0.378462	0.589493
0.377301	0.378462	0.589455
0.377108	0.378462	0.588859
0.376915	0.378462	0.588723
0.376723	0.378462	0.588648
0.376531	0.378462	0.588610
0.376339	0.378462	0.588372
0.376147	0.378462	0.588300
0.375955	0.378462	0.587795
0.375764	0.378462	0.587581
0.376081	0.378974	0.587526
0.375890	0.378974	0.587458
0.375699	0.378974	0.587452
0.375508	0.378974	0.587431
0.375317	0.378974	0.587335
0.375127	0.378974	0.586893
0.374937	0.378974	0.586889
0.374746	0.378974	0.586776
0.374557	0.378974	0.586612
0.374367	0.378974	0.585894
0.374177	0.378974	0.585162
0.373988	0.378974	0.584712
0.373799	0.378974	0.584684
0.374115	0.379487	0.584486
0.373926	0.379487	0.584404
0.374242	0.380000	0.584363
0.374558	0.380513	0.584012
0.374369	0.380513	0.584007
0.374685	0.381026	0.583838
0.374496	0.381026	0.583776
0.374307	0.381026	0.583671
0.374119	0.381026	0.583620
0.374434	0.381538	0.583361
0.374748	0.382051	0.583327
0.374560	0.382051	0.583100
0.374372	0.382051	0.582906
0.374184	0.382051	0.582866
0.373996	0.382051	0.582862
0.373808	0.382051	0.582500
0.374122	0.382564	0.582259
0.373935	0.382564	0.581731
0.374248	0.383077	0.581037
0.374562	0.383590	0.581020
0.374374	0.383590	0.580950
0.374187	0.383590	0.580527
0.374000	0.383590	0.580509
